<Frame>: 0 2 Plane001
	<Transform>: 0 0 0 270 0 0 70 50 1 0.7071068 0 0 -0.7071068  
	<TransformMatrix>: 70 0 0 0 0 -5.960464E-06 -50.00001 0 0 1 -1.192093E-07 0 0 0 0 1  
	<Mesh>: 25 Plane001
		<Bounds>: 0 0 0 0.7250402 0.9464008 0
		<Positions>: 25 0.7250402 -0.9464008 0 0.7250402 -0.4732004 0 0.3625201 -0.4732004 0 0.3625201 -0.9464008 0 0 -0.4732004 0 0 -0.9464008 0 -0.3625201 -0.4732004 0 -0.3625201 -0.9464008 0 -0.7250402 -0.4732004 0 -0.7250402 -0.9464008 0 0.3625201 0 0 0.7250402 0 0 0 0 0 -0.3625201 0 0 -0.7250402 0 0 0.3625201 0.4732004 0 0.7250402 0.4732004 0 0 0.4732004 0 -0.3625201 0.4732004 0 -0.7250402 0.4732004 0 0.3625201 0.9464008 0 0.7250402 0.9464008 0 0 0.9464008 0 -0.3625201 0.9464008 0 -0.7250402 0.9464008 0  
		<Colors>: 0  
		<TextureCoords0>: 25 0 1 0 0.75 0.25 0.75 0.25 1 0.5 0.75 0.5 1 0.75 0.75 0.75 1 1 0.75 1 1 0.25 0.5 0 0.5 0.5 0.5 0.75 0.5 1 0.5 0.25 0.25 0 0.25 0.5 0.25 0.75 0.25 1 0.25 0.25 0 0 0 0.5 0 0.75 0 1 0  
		<TextureCoords1>: 0  
		<Normals>: 25 0 0 1 0 0 1 0 0 1 0 0 1 0 0 1 0 0 1 0 0 1 0 0 1 0 0 1 0 0 1 0 0 1 0 0 1 0 0 1 0 0 1 0 0 1 0 0 1 0 0 1 0 0 1 0 0 1 0 0 1 0 0 1 0 0 1 0 0 1 0 0 1 0 0 1  
		<Tangents>: 25 -1 0 0 -1 0 0 -1 0 0 -1 0 0 -1 0 0 -1 0 0 -1 0 0 -1 0 0 -1 0 0 -1 0 0 -1 0 0 -1 0 0 -1 0 0 -1 0 0 -1 0 0 -1 0 0 -1 0 0 -1 0 0 -1 0 0 -1 0 0 -1 0 0 -1 0 0 -1 0 0 -1 0 0 -1 0 0  
		<BiTangents>: 25 0 1 0 0 1 0 0 1 0 0 1 0 0 1 0 0 1 0 0 1 0 0 1 0 0 1 0 0 1 0 0 1 0 0 1 0 0 1 0 0 1 0 0 1 0 0 1 0 0 1 0 0 1 0 0 1 0 0 1 0 0 1 0 0 1 0 0 1 0 0 1 0 0 1 0  
		<SubMeshes>: 1
			<SubMesh>: 0 96 0 1 2 0 2 3 3 2 4 3 4 5 5 4 6 5 6 7 7 6 8 7 8 9 1 10 2 1 11 10 2 10 12 2 12 4 4 12 13 4 13 6 6 13 14 6 14 8 11 15 10 11 16 15 10 15 17 10 17 12 12 17 18 12 18 13 13 18 19 13 19 14 16 20 15 16 21 20 15 20 22 15 22 17 17 22 23 17 23 18 18 23 24 18 24 19  
	</Mesh>
	<Materials>: 1
		<Material>: 0
			<AlbedoColor>: 1 1 1 1
			<EmissiveColor>: 0 0 0 1
			<Glossiness>: 0.5
			<Metallic>: 0
			<SpecularHighlight>: 1
			<GlossyReflection>: 1
			<AlbedoMap>: texture2
			<MetallicMap>: null
			<NormalMap>: bump1
			<EmissionMap>: null
			<DetailAlbedoMap>: null
			<DetailNormalMap>: null
	</Materials>
	<Children>: 0
</Frame>
