<Frame>: 0 3 SM_AridBushes_01
	<Transform>: 0 0 0 0 0 0 10 10 10 0 0 0 1  
	<TransformMatrix>: 10 0 0 0 0 10 0 0 0 0 10 0 0 0 0 1  
	<Mesh>: 18 SM_AridBushes_01
		<Bounds>: 0.0387435 0.8237844 -0.004067928 0.5500133 0.8609701 0.4681931
		<Positions>: 18 0.4216485 0.961313 -0.09895682 0.01561737 1.126841 0.02038121 -0.005844593 0.5675257 0.08506143 0.5887568 0.2512178 -0.1209526 -0.3437414 1.060205 -0.1134999 -0.5112698 0.5234285 -0.04581118 0 0 0 0.5550046 -0.03659134 -0.01670825 -0.4918327 0.0313596 -0.07637072 -0.312119 1.450153 -0.3426679 -0.007957458 1.684754 -0.05451703 0.06763697 0.8480821 -0.05295789 -0.4036837 0.3940616 -0.4572881 0.0571909 1.573822 0.3260829 0.208215 0.7662302 0.4522737 2.384186E-07 7.450581E-09 1.192093E-07 -0.2919531 -0.03718581 -0.4722611 0.1797776 0.03135983 0.4641252  
		<Colors>: 18 0.6352941 0 0 1 0.8 0 0 1 0.2431373 0 0 1 0 0 0 1 0.7372549 0 0 1 0.2 0 0 1 0 0 0 1 0 0 0 1 0 0 0 1 1 0 0 1 1 0 0 1 0.5254902 0 0 1 0.07058824 0 0 1 1 0 0 1 0.4431373 0 0 1 0 0 0 1 0 0 0 1 0 0 0 1  
		<TextureCoords0>: 18 0.3158444 0.05866468 0.4180148 0.006551325 0.4135354 0.2157876 0.2633698 0.3196825 0.5081103 0.0399152 0.5400965 0.2442375 0.4042252 0.4274254 0.2657069 0.427904 0.5281517 0.4274428 0.3158444 0.05866468 0.4180148 0.006551325 0.4135354 0.2157876 0.2633698 0.3196825 0.5081103 0.0399152 0.5400965 0.2442375 0.4042252 0.4274254 0.2657069 0.427904 0.5281517 0.4274428  
		<TextureCoords1>: 18 0.5595291 0.08034021 0.7428946 0.03007513 0.7498552 0.2125731 0.4839141 0.3128839 0.9064054 0.04840195 0.9699249 0.2272407 0.7503263 0.3983108 0.5142127 0.4108801 0.9617018 0.388409 0.09683134 0.4809647 0.2778681 0.4071422 0.2931566 0.680155 0.03007519 0.8268822 0.4428578 0.4403458 0.5149772 0.7067553 0.3009045 0.956823 0.06479257 0.9699248 0.5121293 0.9474388  
		<Normals>: 18 0.3389573 0.07043658 0.9381613 0.04283249 0.121257 0.9916966 0.03577213 0.04478925 0.9983557 0.2504779 0.03662567 0.9674292 -0.3080663 0.166241 0.9367279 -0.2471658 0.001830425 0.9689715 -0.001911919 -0.04836587 0.9988279 0.1948029 0.01563891 0.9807177 -0.2008493 -0.1109984 0.9733133 0.6454724 0.04011412 -0.7627295 0.8441955 0.08107012 -0.5298693 0.8447006 0.03265252 -0.5342423 0.7185445 0.01769036 -0.6952559 0.972586 0.1185002 -0.200085 0.96215 0.003491135 -0.2724978 0.8672738 -0.03285023 -0.4967464 0.7523835 0.00637439 -0.6586945 0.9460407 -0.07036863 -0.3163153  
		<Tangents>: 18 -0.9402224 0.06035151 0.3351708 -0.9965954 0.07517636 0.0338521 -0.9974023 0.06409847 0.03286232 -0.9666973 0.06366049 0.2478783 -0.9448555 0.0615207 -0.3216574 -0.9671215 0.06132614 -0.2468097 -0.9978675 0.06525985 0.001249975 -0.9788432 0.06690675 0.1933636 -0.9788396 0.06244554 -0.1948683 0.7603714 0.06053913 0.6466609 0.5253605 0.07115838 0.8478991 0.5316584 0.06407878 0.8445314 0.693219 0.06234149 0.7180257 0.1938444 0.06215311 0.9790614 0.2717744 0.06163576 0.9603851 0.497821 0.06368164 0.8649387 0.6569886 0.06530357 0.7510669 0.3208245 0.06605106 0.9448327  
		<BiTangents>: 18 0.03301117 0.9956889 -0.08668264 0.07044734 0.9897704 -0.1240641 0.06252121 0.996938 -0.04696584 0.05250831 0.9972993 -0.05135148 0.1111008 0.9841642 -0.1381213 0.05987505 0.9981161 0.01338748 0.06524383 0.9966955 0.04838751 0.06259264 0.9976367 -0.02834167 0.03914901 0.9918568 0.1211918 -0.07211521 0.9973595 -0.008574707 -0.1064439 0.9941651 -0.01748055 -0.06180968 0.9974106 -0.03676739 -0.05604542 0.9978981 -0.03253185 -0.1284548 0.9910069 -0.03747866 -0.02014845 0.9980926 -0.05835405 -0.003220192 0.9974295 -0.07158296 -0.0478027 0.9978451 -0.04494543 0.04559362 0.9953319 -0.08506297  
		<SubMeshes>: 1
			<SubMesh>: 0 48 0 1 2 2 3 0 4 2 1 2 4 5 3 2 6 6 7 3 2 5 8 8 6 2 9 10 11 11 12 9 11 10 13 13 14 11 12 11 15 15 11 14 15 16 12 14 17 15  
	</Mesh>
	<Materials>: 1
		<Material>: 0
			<AlbedoColor>: 1 1 1 1
			<EmissiveColor>: 0 0 0 1
			<SpecularColor>: 0.2 0.2 0.2 1
			<Glossiness>: 0.5
			<SpecularHighlight>: 1
			<GlossyReflection>: 1
			<AlbedoMap>: T_Grass_D
			<SpecularMap>: T_Grass_S
			<NormalMap>: T_Grass_N
			<EmissionMap>: null
			<DetailAlbedoMap>: null
			<DetailNormalMap>: null
	</Materials>
	<Children>: 0
</Frame>
