8	EvilBear
	8	<Bound>:	-7.45058e-09	0.255308	0	0.200684	0.256561	0.135423
4	Bomb
	8	<Bound>:	0	1.39698e-09	0.00459197	0.0116353	0.0116353	0.014592
6	Hammer
	8	<Bound>:	-0.000429988	1.73421	-0.00615609	1.23582	4.15775	2.14928
12	Pocket_Watch
	8	<Bound>:	2.91038e-11	0.000280579	-1.28925e-05	0.000641053	0.000921632	0.000235133
15	SM_DeadTrunk_01
	8	<Bound>:	0	0.135704	0	0.42604	0.152024	0.509368
15	SM_DeadTrunk_02
	8	<Bound>:	0	0.185344	0	0.314932	0.204001	0.2921
15	SM_DeadTrunk_03
	8	<Bound>:	0	0.215399	0	0.482991	0.236824	0.489654
15	SM_DeadTrunk_04
	8	<Bound>:	0	0.727277	0	1.17994	0.771507	1.20495
15	SM_DeadTrunk_05
	8	<Bound>:	0.515238	0.765102	0.18736	3.14752	0.765102	0.741232
19	SM_PineTree_Snow_01
	8	<Bound>:	0.0353142	3.19946	0.0311016	1.50228	3.20921	1.65983
19	SM_PineTree_Snow_02
	8	<Bound>:	-0.144029	3.26898	0.291412	1.73168	3.28207	1.58666
19	SM_PineTree_Snow_03
	8	<Bound>:	-0.0133736	3.16105	0.0575144	1.65902	3.15718	1.5765
19	SM_PineTree_Snow_04
	8	<Bound>:	-0.0888572	2.35979	0	1.22247	2.36444	1.2993
19	SM_PineTree_Snow_05
	8	<Bound>:	0.00674331	3.18563	0	1.19278	3.18176	1.31823
19	SM_PineTree_Snow_06
	8	<Bound>:	-0.135185	3.16332	0	1.73168	3.19281	1.58666
19	SM_PineTree_Snow_07
	8	<Bound>:	0.0759207	2.3369	1.19209e-07	1.15506	2.37968	1.0453
19	SM_PineTree_Snow_08
	8	<Bound>:	-0.0195544	2.83824	0.224159	1.65902	2.83436	1.5765
23	SM_BigPlainRock_Snow_01
	8	<Bound>:	2.98023e-07	1.21697	0	1.45703	1.34546	1.57596
23	SM_BigPlainRock_Snow_02
	8	<Bound>:	0	1.30712	0	1.81736	1.48104	1.98251
23	SM_BigPlainRock_Snow_03
	8	<Bound>:	0	1.78039	-1.78814e-07	1.36576	1.90868	1.60326
23	SM_BigPlainRock_Snow_04
	8	<Bound>:	0	1.44234	1.78814e-07	1.13553	1.56836	1.96819
7	SM_Deer
	8	<Bound>:	0.0108358	1.6014	0.539675	1.54216	1.6014	1.46358
17	LowPoly_-_Fence_A
	8	<Bound>:	0	-0.0317085	0.850728	2.47971	0.281839	0.815615
17	LowPoly_-_Fence_B
	8	<Bound>:	-1.19209e-07	-0.025131	0.788911	1.29714	0.280457	0.768021
