12	<DeadTree01>
	8	<Bound>:	0	0.135704	0	0.42604	0.152024	0.509368
12	<DeadTree02>
	8	<Bound>:	0	0.185344	0	0.314932	0.204001	0.2921
12	<DeadTree03>
	8	<Bound>:	0	0.215399	0	0.482991	0.236824	0.489654
12	<DeadTree04>
	8	<Bound>:	0	0.727277	0	1.17994	0.771507	1.20495
12	<DeadTree05>
	8	<Bound>:	0.515238	0.765102	0.18736	3.14752	0.765102	0.741232
12	<PineTree01>
	8	<Bound>:	0.0353142	3.19946	0.0311016	1.50228	3.20921	1.65983
12	<PineTree02>
	8	<Bound>:	-0.144029	3.26898	0.291412	1.73168	3.28207	1.58666
12	<PineTree03>
	8	<Bound>:	-0.0133736	3.16105	0.0575144	1.65902	3.15718	1.5765
12	<PineTree04>
	8	<Bound>:	-0.0888572	2.35979	0	1.22247	2.36444	1.2993
12	<PineTree05>
	8	<Bound>:	0.00674331	3.18563	0	1.19278	3.18176	1.31823
12	<PineTree06>
	8	<Bound>:	-0.135185	3.16332	0	1.73168	3.19281	1.58666
12	<PineTree07>
	8	<Bound>:	0.0759207	2.3369	1.19209e-07	1.15506	2.37968	1.0453
12	<PineTree08>
	8	<Bound>:	-0.0195544	2.83824	0.224159	1.65902	2.83436	1.5765
8	<Rock01>
	8	<Bound>:	2.98023e-07	1.21697	0	1.45703	1.34546	1.57596
8	<Rock02>
	8	<Bound>:	0	1.30712	0	1.81736	1.48104	1.98251
8	<Rock03>
	8	<Bound>:	0	1.78039	-1.78814e-07	1.36576	1.90868	1.60326
8	<Rock04>
	8	<Bound>:	0	1.44234	1.78814e-07	1.13553	1.56836	1.96819
8	<Rock05>
	8	<Bound>:	-4.17233e-07	0.63656	0	1.11185	0.699138	0.97316
8	<Deer01>
	8	<Bound>:	0.0108358	1.6014	0.539675	1.54216	1.6014	1.46358
