<Frame>: 0 3 Pond
	<Transform>: 0 0 1 270 0 0 30 20 1 -0.7071068 0 0 0.7071068  
	<TransformMatrix>: 30 0 0 0 0 -2.384186E-06 -20 0 0 1 -1.192093E-07 0 0 0 1 1  
	<Mesh>: 40 Cylinder001
		<Bounds>: 0 0 0 1.27 1.250706 0
		<Positions>: 40 0 0 0 -1.27 0 0 -1.19341 0.4343656 0 -0.9728764 0.8163403 0 -0.6349999 1.099852 0 -0.2205331 1.250706 0 -1.193409 -0.4343664 0 -0.9728759 -0.8163409 0 -0.6349993 -1.099853 0 -0.2205326 -1.250706 0 0.2205337 -1.250706 0 0.6350004 -1.099852 0 0.9728767 -0.81634 0 1.19341 -0.4343653 0 1.27 1.917647E-07 0 1.19341 0.4343657 0 0.9728764 0.8163403 0 0.6350001 1.099852 0 0.2205333 1.250706 0 -0.2205331 1.250706 0 0 0 0 -1.19341 0.4343656 0 -1.27 0 0 -0.9728764 0.8163403 0 -0.6349999 1.099852 0 -0.2205331 1.250706 0 -1.193409 -0.4343664 0 -0.9728759 -0.8163409 0 -0.6349993 -1.099853 0 -0.2205326 -1.250706 0 0.2205337 -1.250706 0 0.6350004 -1.099852 0 0.9728767 -0.81634 0 1.19341 -0.4343653 0 1.27 1.917647E-07 0 1.19341 0.4343657 0 0.9728764 0.8163403 0 0.6350001 1.099852 0 0.2205333 1.250706 0 -0.2205331 1.250706 0  
		<Colors>: 0  
		<TextureCoords0>: 40 0.5 1 0.75 1 0.8055556 1 0.8611111 1 0.9166667 1 0.9722222 1 0.6944444 1 0.6388888 1 0.5833333 1 0.5277777 1 0.4722221 1 0.4166666 1 0.3611111 1 0.3055555 1 0.25 1 0.1944444 1 0.1388889 1 0.08333334 1 0.02777782 1 -0.02777779 1 0.5 1 0.8055556 1 0.75 1 0.8611111 1 0.9166667 1 0.9722222 1 0.6944444 1 0.6388888 1 0.5833333 1 0.5277777 1 0.4722221 1 0.4166666 1 0.3611111 1 0.3055555 1 0.25 1 0.1944444 1 0.1388889 1 0.08333334 1 0.02777782 1 -0.02777779 1  
		<TextureCoords1>: 0  
		<Normals>: 40 0 0 -1 0 0 -1 0 0 -1 0 0 -1 0 0 -1 0 0 -1 0 0 -1 0 0 -1 0 0 -1 0 0 -1 0 0 -1 0 0 -1 0 0 -1 0 0 -1 0 0 -1 0 0 -1 0 0 -1 0 0 -1 0 0 -1 0 0 -1 0 0 1 0 0 1 0 0 1 0 0 1 0 0 1 0 0 1 0 0 1 0 0 1 0 0 1 0 0 1 0 0 1 0 0 1 0 0 1 0 0 1 0 0 1 0 0 1 0 0 1 0 0 1 0 0 1 0 0 1  
		<Tangents>: 40 1 0 0 1 0 0 1 0 0 1 0 0 1 0 0 1 0 0 1 0 0 1 0 0 1 0 0 1 0 0 1 0 0 1 0 0 1 0 0 1 0 0 1 0 0 1 0 0 1 0 0 1 0 0 1 0 0 1 0 0 1 0 0 1 0 0 1 0 0 1 0 0 1 0 0 1 0 0 1 0 0 1 0 0 1 0 0 1 0 0 1 0 0 1 0 0 1 0 0 1 0 0 1 0 0 1 0 0 1 0 0 1 0 0 1 0 0 1 0 0  
		<BiTangents>: 40 0 1 0 0 1 0 0 1 0 0 1 0 0 1 0 0 1 0 0 1 0 0 1 0 0 1 0 0 1 0 0 1 0 0 1 0 0 1 0 0 1 0 0 1 0 0 1 0 0 1 0 0 1 0 0 1 0 0 1 0 0 -1 0 0 -1 0 0 -1 0 0 -1 0 0 -1 0 0 -1 0 0 -1 0 0 -1 0 0 -1 0 0 -1 0 0 -1 0 0 -1 0 0 -1 0 0 -1 0 0 -1 0 0 -1 0 0 -1 0 0 -1 0 0 -1 0 0 -1 0  
		<SubMeshes>: 1
			<SubMesh>: 0 108 0 1 2 0 2 3 0 3 4 0 4 5 0 6 1 0 7 6 0 8 7 0 9 8 0 10 9 0 11 10 0 12 11 0 13 12 0 14 13 0 15 14 0 16 15 0 17 16 0 18 17 0 19 18 20 21 22 20 23 21 20 24 23 20 25 24 20 22 26 20 26 27 20 27 28 20 28 29 20 29 30 20 30 31 20 31 32 20 32 33 20 33 34 20 34 35 20 35 36 20 36 37 20 37 38 20 38 39  
	</Mesh>
	<Materials>: 1
		<Material>: 0
			<AlbedoColor>: 0.03529412 1 1 1
			<EmissiveColor>: 0 0 0 1
			<SpecularColor>: 0.2 0.2 0.2 1
			<Glossiness>: 0.5
			<SpecularHighlight>: 1
			<GlossyReflection>: 1
			<AlbedoMap>: T_Snow_01_D
			<SpecularMap>: T_Snow_01_S
			<NormalMap>: T_Snow_01_N
			<EmissionMap>: null
			<DetailAlbedoMap>: null
			<DetailNormalMap>: null
	</Materials>
	<Children>: 0
</Frame>
